%YAML:1.0
---
model_type: PINHOLE
camera_name: camera
image_width: 1920
image_height: 1080
distortion_parameters:
   k1: -0.0500384
   k2: 0.0221768
   p1: 0.000412861
   p2: 0.000442194
projection_parameters:
   fx: 1067.61
   fy: 1068.32
   cx: 964.59
   cy: 555.556
